% obtained when runOptimization.py is executed, the output of the variable
% estimate_scores with _accmeasure = "pearsonDis"
Pearson = [0.5695988694679658, 0.556486160770954, 0.553721025933298, 0.5532528118980791, 0.5529333549755409, 0.5529168950608828, 0.5521442661476532, 0.5504256477486248, 0.5500148949605157, 0.5488494550059715, 0.5481336983812204, 0.5477258796410248, 0.5473752513707697, 0.5469007245881252, 0.5463809460188102, 0.546338111716749, 0.5462274869249856, 0.545686283952537, 0.5454952401954893, 0.5449105563678338, 0.5446293574259516, 0.5443123549139578, 0.5443085564088244, 0.5442556203387279, 0.5438122856813167, 0.5434058155662437, 0.5433809671126952, 0.5419927450754477, 0.5419793287637507, 0.5410422141128342, 0.5410412143308966, 0.5409508854975819, 0.5407046601440236, 0.5401123546139505, 0.5394124962395761, 0.539376009403465, 0.5393630990153029, 0.5390625160268334, 0.5390543627417277, 0.5389118355614573, 0.5384705162305081, 0.5384483853930057, 0.5383484565395121, 0.5382022706588279, 0.5381057037436902, 0.5380216862958491, 0.5377436310228265, 0.5376530435555302, 0.5375873662540575, 0.5375523376359925, 0.5373817788152466, 0.5373364870436809, 0.5370762998428352, 0.5368306619273366, 0.5368005383295616, 0.5366573095877817, 0.5366355821541174, 0.5365902734721048, 0.5365274555330536, 0.5364862690403557, 0.5362853352179714, 0.5361695618421609, 0.5359397583410714, 0.5359332140237909, 0.5356512863417449, 0.5356135035137208, 0.53557795242031, 0.5355704167102192, 0.5354143909214809, 0.5349015723022915, 0.5347924834498342, 0.5344934034150491, 0.5344515470118901, 0.5343445765978142, 0.5342314967671011, 0.5337329106996654, 0.5335591178360325, 0.5333788395294217, 0.5330266064106424, 0.5329150440927432, 0.5326821735794518, 0.5325471013633325, 0.5324829967136169, 0.5324014477095901, 0.5321376480641542, 0.5320930509751691, 0.5320158721169381, 0.5314643833865036, 0.5313822560716879, 0.5313719588722587, 0.5310415999755191, 0.5309829149596299, 0.5308860445014314, 0.5302924100082965, 0.5301626753793189, 0.5301104349908109, 0.5300703132970284, 0.5300519602186563, 0.5299849454315815, 0.5298584390232803, 0.5297150172840379, 0.5296933100596561, 0.5294588591437746, 0.5294588205580123, 0.5293654074304441, 0.5292142465933516, 0.5291527761692651, 0.5290154890413329, 0.52894852924678, 0.5288539466530142, 0.5287657581501894, 0.5287398736449445, 0.5286456079211987, 0.5285899682180232, 0.5282373529256292, 0.5281006262468525, 0.5278090912134233, 0.5277622934952478, 0.52771366562209, 0.5276476810244279, 0.5275792478516182, 0.527442682113816, 0.5274048259983912, 0.5272289895100508, 0.527225869013386, 0.5269288929539271, 0.5269067732861956, 0.5266420665281435, 0.5265950647858194, 0.5265218481051518, 0.5265153195627517, 0.5264412253531088, 0.5264168983573041, 0.5263959595965856, 0.5260900035640734, 0.5260128753140613, 0.5258378051569417, 0.5257970316468301, 0.5257764148050514, 0.5257575656906529, 0.525749878857215, 0.525562016252372, 0.5254958626644636, 0.525423574629894, 0.5253921647762471, 0.5253895387342042, 0.5253630430018525, 0.5252762257261571, 0.5251459920821594, 0.5251175815068091, 0.5249914802531594, 0.5249644765129668, 0.5249568263158869, 0.5249334321790171, 0.5248986981859597, 0.5248651557939217, 0.5248353198282258, 0.524702131209226, 0.5246250996153876, 0.5245335158539248, 0.5245152519407277, 0.5244686771759923, 0.5242804910512568, 0.5241565901614635, 0.5238955407443457, 0.5238895779992586, 0.5238377016947332, 0.5238302090036802, 0.5238050231936785, 0.5237877567677226, 0.5237250163120681, 0.5235033589399047, 0.5234362150915624, 0.5234313985351211, 0.5233774763699546, 0.52323060890993, 0.5232250881301973, 0.5231956354466867, 0.5231720681401475, 0.5231569534014955, 0.5231282492647734, 0.5228445959130839, 0.5228303159413659, 0.5228244058841478, 0.5227542099719154, 0.5225912635577685, 0.5225850794827713, 0.522454000662132, 0.5224451922245883, 0.5224068135373895, 0.5223545228207529, 0.5223031665444091, 0.5222936703690874, 0.5222228302796939, 0.5221813575543485, 0.5221542526137877, 0.522153477651103, 0.5220867087238317, 0.522063678549593, 0.5219788534855498, 0.5218368760845099, 0.5218191057310984, 0.5217282620530452, 0.5217183458438127, 0.5217128046212136, 0.5216969580970907, 0.5215778102077646, 0.5214358531220931, 0.521389806367448, 0.5213801629160992, 0.5213208956888888, 0.5213155174970392, 0.5213145346919335, 0.5212649828015761, 0.5212451744987721, 0.5212262297131434, 0.5212111718375622, 0.5211720406410327, 0.5211587381176552, 0.5210950452139962, 0.5209187403733301, 0.5208215353043063, 0.5208215071543931, 0.520769381311523, 0.5206808204596696, 0.5206509654113092, 0.5206483537992121, 0.520640006561343, 0.5205894293508164, 0.5205721077125975, 0.5205406894327427, 0.5204001154797041, 0.5203679619337129, 0.5203321725748262, 0.5203175379626814, 0.5203049942660093, 0.5203034443536706, 0.5202853312635584, 0.5202425904492658, 0.5201595163664969, 0.5200700447813735, 0.5200662696210873, 0.5199859344092894, 0.5199554717531714, 0.5199198162156132, 0.5198842439149578, 0.519865153879433, 0.5198141895712434, 0.5197956851158135, 0.5196881437239234, 0.5195195811771973, 0.5194615123424119, 0.5194099396589518, 0.5193654066279225, 0.5191820420654125, 0.51913362350338, 0.5190980317484247, 0.5190798969238573, 0.5190724569655039, 0.5190352156052026, 0.519034534015711, 0.5189689133344182, 0.5188568506675733, 0.5187939988450905, 0.5187879009996084, 0.518787542264562, 0.51867471515114, 0.5186565031868073, 0.5186333754830276, 0.5184296902592, 0.5183795970255016, 0.5183482710146339, 0.5182491437843839, 0.5182416702667073, 0.5182109749093838, 0.5181928473139104, 0.5181873111448425, 0.5181869001002195, 0.5181825258415524, 0.5181190141460236, 0.5181126058092742, 0.5181096282599386, 0.5181023955837216, 0.5180565625942035, 0.517986422003629, 0.5178734390551831, 0.517839390344225, 0.5177909966279634, 0.517708194094225, 0.5176312955733466, 0.5175910561664576, 0.5175789080645075, 0.5175231075798938, 0.5173792642761071, 0.5173069457197439, 0.5172111237023851, 0.517140195099415, 0.5171348787528514, 0.5171076285382836, 0.5170325155909717, 0.5170041810494529, 0.5169681026528734, 0.5169676758754637, 0.516951483968428, 0.5168308445534271, 0.5167439737312672, 0.5167023688552684, 0.516636676433566, 0.5165676105331438, 0.5165388193383278, 0.5164971514044003, 0.5164909869272342, 0.5164100267513739, 0.5163899703213641, 0.5162537993924408, 0.5162454182188214, 0.5161676442096895, 0.5161155280031373, 0.5160439257177476, 0.5159229820381371, 0.5158801235808071, 0.5158564676192552, 0.5158126775252556, 0.5157795273163883, 0.5157720138615687, 0.5157107585726801, 0.5156926599869592, 0.5156903243166913, 0.5156661384322253, 0.5156547336997932, 0.5155794670316656, 0.51555993171711, 0.5155544287201641, 0.5154799993978751, 0.5152448370694309, 0.5152432247220744, 0.5152308288294549, 0.5152003867562687, 0.5151521841388351, 0.5151050803619475, 0.5151026752460961, 0.515049794821248, 0.5150211565102929, 0.5150152858467925, 0.5149834762221304, 0.5149773910826514, 0.5149249755417917, 0.514868667556641, 0.51484157050823, 0.5148111310665111, 0.514790983494961, 0.5147274128350752, 0.5145579238206115, 0.5145208343391239, 0.5145064846676319, 0.5145045388309744, 0.5144718899229066, 0.5144005384948864, 0.5143805615270547, 0.5143180100874225, 0.5142717201413194, 0.5142262855022672, 0.5141946038347089, 0.5141315382410242, 0.5141234456806127, 0.5140956101242263, 0.5140830943715271, 0.5140818739480373, 0.5140758125099866, 0.5140713907457901, 0.5140248329399912, 0.5139867776772721, 0.513981706475884, 0.5139128826507708, 0.5139113692863332, 0.5138943037167405, 0.5138910643686033, 0.5138865406774913, 0.5138642683958548, 0.5138636805197634, 0.5138043002779671, 0.5137829334368743, 0.5137803144531303, 0.5137372108864229, 0.5137190376442886, 0.5136919874309159, 0.5135795338530822, 0.5135756539397515, 0.5135593993374085, 0.513556039063223, 0.5134640197649876, 0.5134537243239276, 0.5134231467587137, 0.5134206678264862, 0.5133930021296107, 